GC_JM_10_10_0001 1010 34374 7288
GC_JM_10_20_0001 53778 20921 7704
GC_JM_10_30_0001 2038 3809 4218
GC_JM_10_40_0001 21530 42089 778
GC_JM_10_50_0001 39550 30927 17222
GC_JM_10_60_0001 27238 25242 45211
GC_JM_10_70_0001 58886 33196 46866
GC_JM_10_80_0001 62250 36492 29114
GC_JM_10_90_0001 2702 22949 42694
GC_JM_S_10_0001 9626 51313 47800
GC_JM_S_100_0001 18638 24228 31624
GC_JM_S_1000_0001 37326 61454 33716
GC_JM_S_20_0001 61486 54362 15548
GC_JM_S_200_0001 41262 56673 10978
GC_JM_S_30_0001 53474 8093 20347
GC_JM_S_300_0001 48498 57766 26085
GC_JM_S_40_0001 52758 26354 44805
GC_JM_S_400_0001 6678 8194 26743
GC_JM_S_50_0001 30250 16215 64758
GC_JM_S_500_0001 7834 4332 36411
GC_JM_S_60_0001 44926 42342 2697
GC_JM_S_600_0001 17022 22558 42529
GC_JM_S_70_0001 10354 14722 40680
GC_JM_S_700_0001 36162 12943 12464
GC_JM_S_80_0001 26470 54178 9214
GC_JM_S_800_0001 5734 15059 18477
GC_JM_S_90_0001 31418 17699 7450
GC_JM_S_900_0001 34154 27544 3057
GN_JM_10_10_0001 53986 50339 24675
GN_JM_10_20_0001 22786 38370 54538
GN_JM_10_30_0001 7654 48398 55375
GN_JM_10_40_0001 59658 34917 54538
GN_JM_10_50_0001 40558 36661 26562
GN_JM_10_60_0001 50262 30522 37723
GN_JM_10_70_0001 38902 3999 49101
GN_JM_10_80_0001 58394 14832 23467
GN_JM_10_90_0001 10878 48560 43784
GN_JM_S_10_0001 23178 62004 13483
GN_JM_S_100_0001 6798 38059 7124
GN_JM_S_1000_0001 206 57542 60916
GN_JM_S_20_0001 10222 27928 1506
GN_JM_S_200_0001 59438 26672 8644
GN_JM_S_30_0001 60242 9085 46872
GN_JM_S_300_0001 39218 54448 7467
GN_JM_S_40_0001 36118 51158 60723
GN_JM_S_400_0001 46614 48592 18163
GN_JM_S_50_0001 28058 13345 60044
GN_JM_S_500_0001 28250 26074 36622
GN_JM_S_60_0001 21822 43237 17437
GN_JM_S_600_0001 33150 40684 40461
GN_JM_S_70_0001 1122 1470 39935
GN_JM_S_700_0001 48898 27041 4424
GN_JM_S_80_0001 25446 57660 45218
GN_JM_S_800_0001 34406 25785 47615
GN_JM_S_90_0001 21162 51863 49149
GN_JM_S_900_0001 18218 63618 1693
