GB_1_rnd0_01_0001 56133 1285 55449
GB_1_rnd0_02_0001 17157 31160 27395
GB_1_rnd0_03_0001 54981 8325 36336
GB_1_rnd0_04_0001 20613 63576 49411
GB_1_rnd0_05_0001 36421 7736 50469
GB_1_rnd0_06_0001 62469 47353 8540
GB_1_rnd0_07_0001 59845 51633 55325
GB_1_rnd0_08_0001 38213 47760 57843
GB_1_rnd1_01_0001 9541 29666 8396
GB_1_rnd1_02_0001 4485 20301 36733
GB_1_rnd1_03_0001 5445 11773 48828
GB_1_rnd1_04_0001 35589 8176 34678
GB_1_rnd1_05_0001 45253 49437 28675
GB_1_rnd1_06_0001 9861 1431 19699
GB_1_rnd1_07_0001 48197 2746 7515
GB_1_rnd1_08_0001 13893 48448 39138
GB_1_rnd1x001_01_0001 52746 55273 6114
GB_1_rnd1x001_02_0001 19978 42907 57201
GB_1_rnd1x001_03_0001 43402 38605 56200
GB_1_rnd1x001_04_0001 18826 56703 997
GB_1_rnd1x001_05_0001 43146 3848 12590
GB_1_rnd1x001_06_0001 23946 39834 47151
GB_1_rnd1x001_07_0001 7818 58268 42325
GB_1_rnd1x001_08_0001 30602 51143 10397
GB_1_rnd1x001_09_0001 47754 65225 17090
GB_1_rnd1.001_10_0001 56714 38702 7463
GB_1_rnd1x01_01_0001 36106 24994 1297
GB_1_rnd1x01_02_0001 44682 10451 3204
GB_1_rnd1x01_03_0001 52106 46324 59631
GB_1_rnd1x01_04_0001 59530 37192 9028
GB_1_rnd1x01_05_0001 10634 16351 58384
GB_1_rnd1x01_06_0001 17034 44982 56565
GB_1_rnd1x01_07_0001 19338 7789 35042
GB_1_rnd1x01_08_0001 13450 9993 50533
GB_1_rnd1x1_01_0001 19466 13439 14055
GB_1_rnd1x1_02_0001 3850 42837 35188
GB_1_rnd1x1_03_0001 60810 427 24029
GB_1_rnd1x1_04_0001 34698 10038 19303
GB_1_rnd1x1_05_0001 43658 7129 52250
GB_1_rnd1x1_06_0001 10122 31062 52862
GB_1_rnd1x1_07_0001 30858 27906 19025
GB_1_rnd1x1_08_0001 61834 27790 42332
GB_1_rnd2_01_0001 21573 48690 53094
GB_1_rnd2_02_0001 57669 39641 40737
GB_1_rnd2_03_0001 23237 40573 2578
GB_1_rnd2_04_0001 8389 20822 41404
GB_1_rnd2_05_0001 19909 59526 29067
GB_1_rnd2_06_0001 32965 21516 11502
GB_1_rnd2_07_0001 40901 13223 979
GB_1_rnd2_08_0001 3909 5913 21039
GB_1p03125_rnd0_01_0001 41427 46442 43847
GB_1p03125_rnd0_02_0001 48147 9167 6387
GB_1p03125_rnd0_03_0001 23571 30193 45732
GB_1p03125_rnd0_04_0001 47763 55460 27885
GB_1p03125_rnd0_05_0001 48083 49533 44018
GB_1p03125_rnd0_06_0001 17171 35044 62994
GB_1p03125_rnd0_07_0001 33363 33972 26489
GB_1p03125_rnd0_08_0001 3155 11712 11332
GB_1p0625_rnd0_01_0001 42899 7170 64021
GB_1p0625_rnd0_02_0001 57875 56596 18203
GB_1p0625_rnd0_03_0001 57171 62775 6655
GB_1p0625_rnd0_04_0001 24211 15295 8918
GB_1p0625_rnd0_05_0001 18067 3000 30012
GB_1p0625_rnd0_06_0001 11539 11221 11346
GB_1p0625_rnd0_07_0001 57235 24373 63518
GB_1p0625_rnd0_08_0001 59347 62119 38964
GB_1p125_rnd0_01_0001 48787 9813 56449
GB_1p125_rnd0_02_0001 35795 57274 8588
GB_1p125_rnd0_03_0001 1491 38699 10884
GB_1p125_rnd0_04_0001 55059 36796 58142
GB_1p125_rnd0_05_0001 12563 22268 3390
GB_1p125_rnd0_06_0001 53843 1978 58176
GB_1p125_rnd0_07_0001 44115 45801 28886
GB_1p125_rnd0_08_0001 52627 5987 37084
GB_1p_rnd0_01_0001 49029 8085 31691
GB_1p_rnd0_02_0001 34501 7887 6019
GB_1p_rnd0_03_0001 34821 30536 49578
GB_1p_rnd0_04_0001 44357 8802 31297
GB_1p_rnd0_05_0001 39557 933 63142
GB_1p_rnd0_06_0001 55237 27559 42783
GB_1p_rnd0_07_0001 29957 37219 47699
GB_1p_rnd0_08_0001 60549 24516 54017
GB_2y_rnd0_01_0001 22021 7348 3743
GB_2y_rnd0_02_0001 33093 15793 12329
GB_2y_rnd0_03_0001 42757 26608 38333
GB_2y_rnd0_04_0001 6853 7222 14693
GB_2y_rnd0_05_0001 31301 28131 63064
GB_2y_rnd0_06_0001 59717 57702 37684
GB_2y_rnd0_07_0001 27205 17165 19686
GB_2_rnd0_08_0001 2501 44562 1922
GB_2_rnd0_09_0001 3077 24687 12
GB_4y_rnd0_01_0001 26757 37673 57453
GB_4y_rnd0_02_0001 21125 22541 47990
GB_4y_rnd0_03_0001 62533 3683 1540
GB_4y_rnd0_04_0001 34565 2161 47929
GB_4y_rnd0_05_0001 49285 24276 56146
GB_4y_rnd0_06_0001 21381 28186 41396
GB_4y_rnd0_07_0001 56453 39485 2469
GB_4_rnd0_08_0001 9925 51614 44218
GB_8y_rnd0_01_0001 2757 37186 55354
GB_8y_rnd0_02_0001 64645 13061 54271
GB_8y_rnd0_03_0001 52869 58356 5332
GB_8y_rnd0_04_0001 49221 10082 4416
GB_8y_rnd0_05_0001 40645 55038 57135
GB_8y_rnd0_06_0001 6085 51445 19287
GB_8y_rnd0_07_0001 56517 5503 2739
GB_8_rnd0_08_0001 40709 24979 7694
G_0y_rnd0_01_0001 33349 12160 54066
G_0y_rnd0_02_0001 31173 25907 2959
G_0y_rnd0_03_0001 12549 3535 44024
G_0y_rnd0_04_0001 39493 37677 37022
G_0y_rnd0_05_0001 28549 53611 8880
G_0y_rnd0_06_0001 64709 65307 52078
G_0y_rnd0_07_0001 14853 8501 1822
G_0y_rnd1_01_0001 23365 2832 55595
G_0y_rnd1_02_0001 45125 26018 3016
G_0y_rnd1_03_0001 37509 24421 41786
G_0y_rnd1_04_0001 37317 23104 5641
G_0y_rnd1_05_0001 4869 14639 53952
G_0y_rnd1_06_0001 30789 54065 52457
G_0y_rnd1_07_0001 58757 21098 43824
G_0y_rnd2_01_0001 21701 9403 33566
G_0y_rnd2_02_0001 10565 26093 54555
G_0y_rnd2_03_0001 5829 28877 35334
G_0y_rnd2_04_0001 11845 55708 42266
G_0y_rnd2_05_0001 31173 44020 7997
G_0y_rnd2_06_0001 44357 35889 2270
G_0y_rnd2_07_0001 45253 63929 35803
G_1y_rnd0_01_0001 2053 60461 57102
G_1y_rnd0_02_0001 7557 12479 32206
G_1y_rnd0_03_0001 45253 17757 58365
G_1y_rnd0_04_0001 37381 44077 30297
G_1y_rnd0_05_0001 38725 55816 10934
G_1y_rnd0_06_0001 50309 50103 116
G_1y_rnd0_07_0001 33221 8474 7876
G_1y_rnd1_01_0001 27717 33170 63712
G_1y_rnd1_02_0001 18949 8436 25496
G_1y_rnd1_03_0001 10181 55202 22354
G_1y_rnd1_04_0001 34309 15954 7054
G_1y_rnd1_05_0001 9541 31498 65179
G_1y_rnd1_06_0001 1669 20315 35155
G_1y_rnd1_07_0001 11205 65193 35205
G_2y_rnd0_02_0001 53573 64847 18779
G_2y_rnd0_03_0001 40069 22971 30716
G_2y_rnd0_04_0001 64965 51157 55678
G_2y_rnd0_05_0001 33541 16813 52230
G_2y_rnd0_06_0001 61509 54362 41444
G_2y_rnd0_07_0001 28037 12534 59368
G_2y_rnd1_02_0001 33861 35555 7349
G_2y_rnd1_03_0001 58821 42360 50654
G_2y_rnd1_04_0001 61317 57863 43514
G_2y_rnd1_05_0001 62917 57379 4611
G_2y_rnd1_06_0001 25861 32523 6574
G_2y_rnd1_07_0001 9797 1985 55190
Gb_rnd0_02_0001 23301 62258 34574
Gb_rnd0_03_0001 48965 36318 171
Gb_rnd0_04_0001 29317 63799 44798
Gb_rnd0_05_0001 51653 14934 15383
Gb_rnd0_06_0001 29957 12716 60832
Gb_rnd0_07_0001 8261 43018 53491
Gh_rnd0_02_0001 49093 25590 18306
Gh_rnd0_03_0001 51205 29009 6624
Gh_rnd0_04_0001 45381 26593 47429
Gh_rnd0_05_0001 14469 38183 54205
Gh_rnd0_06_0001 11205 58067 61232
Gh_rnd0_07_0001 30469 30312 54813
Gh_rnd0_08_0001 12869 28698 63942
Gh_rnd0_09_0001 36229 13075 6258
Gr_rnd0_02_0001 48005 14927 22611
Gr_rnd0_03_0001 33733 31731 4409
Gr_rnd0_04_0001 11525 25135 1936
Gr_rnd0_05_0001 29765 28282 63489
Gr_rnd0_06_0001 10117 36720 5434
Gr_rnd0_07_0001 12997 37975 45461
Gr_rnd0_08_0001 44549 26794 59791
Gr_rnd0_09_0001 51525 5413 12322
Gr_rnd0_10_0001 58501 31410 21558
