GB_1_rnd0_01_0001_scr_0001 34501 16857 4366
GB_1_rnd0_02_0001_scr_0001 19589 31068 29409
GB_1_rnd0_03_0001_scr_0001 17349 32444 58853
GB_1_rnd0_04_0001_scr_0001 24069 55367 11066
GB_1_rnd0_05_0001_scr_0001 32325 56423 95
GB_1_rnd0_06_0001_scr_0001 27269 37946 21957
GB_1_rnd0_07_0001_scr_0001 15045 33164 240
GB_1_rnd0_07_0002_scr_0001 8517 20731 52469
GB_1_rnd0_08_0001_scr_0001 11973 62107 25938
GB_1_rnd1_01_0001_scr_0001 44741 59015 5684
GB_1_rnd1_02_0001_scr_0001 29829 38850 11891
GB_1_rnd1_03_0001_scr_0001 27589 9994 39623
GB_1_rnd1_04_0001_scr_0001 34309 17117 60951
GB_1_rnd1_05_0001_scr_0001 42565 20997 61746
GB_1_rnd1_06_0001_scr_0001 37509 48736 4810
GB_1_rnd1_07_0001_scr_0001 61189 32886 29588
GB_1_rnd1p001_01_0001_scr_0001 5509 588 46422
GB_1_rnd1p001_02_0001_scr_0001 6981 26113 63445
GB_1_rnd1p001_03_0001_scr_0001 53893 50961 34114
GB_1_rnd1p001_04_0001_scr_0001 44229 49802 62252
GB_1_rnd1p001_05_0001_scr_0001 36101 52818 21743
GB_1_rnd1p001_06_0001_scr_0001 14661 10369 28732
GB_1_rnd1p001_07_0001_scr_0001 15749 5586 3658
GB_1_rnd1p001_08_0001_scr_0001 45509 26100 44684
GB_1_rnd1p01_01_0001_scr_0001 55877 29460 28612
GB_1_rnd1p01_02_0001_scr_0001 8197 1998 31256
GB_1_rnd1p01_03_0001_scr_0001 38725 19925 62475
GB_1_rnd1p01_04_0001_scr_0001 12677 63338 60514
GB_1_rnd1p01_05_0001_scr_0001 53701 9943 28915
GB_1_rnd1p01_06_0001_scr_0001 15877 6400 20612
GB_1_rnd1p01_07_0001_scr_0001 581 42035 64314
GB_1_rnd1p01_08_0001_scr_0001 13957 49991 3937
GB_1_rnd1p1_01_0001_scr_0001 2757 18971 65514
GB_1_rnd1p1_02_0001_scr_0001 53381 25929 31230
GB_1_rnd1p1_03_0001_scr_0001 51141 50317 44028
GB_1_rnd1p1_04_0001_scr_0001 57861 108 37210
GB_1_rnd1p1_05_0001_scr_0001 581 62401 60875
GB_1_rnd1p1_06_0001_scr_0001 61061 53383 7030
GB_1_rnd1p1_07_0001_scr_0001 12997 36681 12075
GB_1_rnd1p1_08_0001_scr_0001 59141 8011 15595
GB_1_rnd2_01_0001_scr_0001 5829 56908 9265
GB_1_rnd2_02_0001_scr_0001 56453 44542 30869
GB_1_rnd2_03_0001_scr_0001 54213 13166 475
GB_1_rnd2_04_0001_scr_0001 60933 52425 48437
GB_1_rnd2_05_0001_scr_0001 3653 58 51987
GB_1_rnd2_06_0001_scr_0001 64133 46684 57654
GB_1_rnd2_07_0001_scr_0001 16069 38138 38414
GB_1_rnd2_08_0001_scr_0001 61189 48445 7757
GB_1p03125_rnd0_01_0001_scr_0001 15173 7502 3547
GB_1p03125_rnd0_02_0001_scr_0001 26053 27454 6671
GB_1p03125_rnd0_03_0001_scr_0001 42629 31906 20592
GB_1p03125_rnd0_04_0001_scr_0001 37829 61095 19358
GB_1p03125_rnd0_05_0001_scr_0001 62789 65510 61139
GB_1p03125_rnd0_06_0001_scr_0001 2245 37827 38783
GB_1p03125_rnd0_07_0001_scr_0001 63173 63653 55211
GB_1p03125_rnd0_08_0001_scr_0001 48773 47320 30924
GB_1p0625_rnd0_01_0001_scr_0001 56965 60979 10510
GB_1p0625_rnd0_02_0001_scr_0001 28101 44454 50042
GB_1p0625_rnd0_03_0001_scr_0001 4933 17509 51166
GB_1p0625_rnd0_04_0001_scr_0001 44741 44587 26931
GB_1p0625_rnd0_05_0001_scr_0001 53637 33637 43223
GB_1p0625_rnd0_06_0001_scr_0001 33477 60391 55760
GB_1p0625_rnd0_07_0001_scr_0001 4357 2619 55723
GB_1p0625_rnd0_08_0001_scr_0001 48645 57006 2178
GB_1p125_rnd0_01_0001_scr_0001 50117 7358 29552
GB_1p125_rnd0_02_0001_scr_0001 30661 28182 58282
GB_1p125_rnd0_03_0001_scr_0001 52101 32041 39004
GB_1p125_rnd0_04_0001_scr_0001 901 6432 33393
GB_1p125_rnd0_05_0001_scr_0001 40773 51467 32349
GB_1p125_rnd0_06_0001_scr_0001 59205 21091 60339
GB_1p125_rnd0_07_0001_scr_0001 58117 58814 32523
GB_1p125_rnd0_08_0001_scr_0001 27397 4759 61233
GB_1p_rnd0_01_0001_scr_0001 65221 40675 17208
GB_1p_rnd0_02_0001_scr_0001 15429 17633 16513
GB_1p_rnd0_03_0001_scr_0001 1989 30479 3998
GB_1p_rnd0_04_0001_scr_0001 61253 22120 23415
GB_1p_rnd0_05_0001_scr_0001 3781 12030 11002
GB_1p_rnd0_06_0001_scr_0001 40517 54524 19759
GB_1p_rnd0_07_0001_scr_0001 6021 28022 27713
GB_1p_rnd0_08_0001_scr_0001 17157 20518 49934
GB_2_rnd0_01_0001_scr_0001 3525 65121 16307
GB_2_rnd0_02_0001_scr_0001 773 36411 49503
GB_2_rnd0_03_0001_scr_0001 37125 34004 62800
GB_2_rnd0_04_0001_scr_0001 36997 24046 2796
GB_2_rnd0_05_0001_scr_0001 29445 58823 19277
GB_2_rnd0_06_0001_scr_0001 7045 19057 46090
GB_2_rnd0_07_0001_scr_0001 25349 36696 17289
GB_2_rnd0_08_0001_scr_0001 29317 30308 13681
GB_4_rnd0_01_0001_scr_0001 20485 53159 50300
GB_4_rnd0_02_0001_scr_0001 15621 12120 53860
GB_4_rnd0_03_0001_scr_0001 59589 24563 41228
GB_4_rnd0_04_0001_scr_0001 60741 38446 1524
GB_4_rnd0_05_0001_scr_0001 58181 34829 51396
GB_4_rnd0_06_0001_scr_0001 48197 13489 39470
GB_4_rnd0_07_0001_scr_0001 44933 32504 59681
GB_4_rnd0_08_0001_scr_0001 58757 8423 27750
GB_8_rnd0_01_0001_scr_0001 23365 46631 14358
GB_8_rnd0_02_0001_scr_0001 63109 6796 54879
GB_8_rnd0_03_0001_scr_0001 48837 20015 24783
GB_8_rnd0_04_0001_scr_0001 34245 41559 57915
GB_8_rnd0_05_0001_scr_0001 9605 11393 65101
GB_8_rnd0_06_0001_scr_0001 63173 59421 42402
GB_8_rnd0_07_0001_scr_0001 55941 62044 25784
GB_8_rnd0_08_0001_scr_0001 10373 16675 21715
G_00_01_scr_0001 47941 63297 6281
G_00_02_scr_0001 52549 40410 58693
G_00_03_scr_0001 33925 46413 18072
G_00_04_scr_0001 24261 17824 52813
G_00_05_scr_0001 16133 45362 53464
G_00_06_scr_0001 60229 40714 8822
G_00_07_scr_0001 61317 1477 27440
G_01_01_scr_0001 261 24166 12808
G_01_02_scr_0001 25541 55506 35129
G_01_03_scr_0001 39685 40695 12853
G_01_04_scr_0001 62789 59698 61426
G_01_05_scr_0001 21893 48793 58529
G_01_06_scr_0001 33221 50078 41966
G_01_07_scr_0001 1541 49590 40385
G_0y_rnd0_01_0001_scr_0001 5061 55991 22312
G_0y_rnd0_02_0001_scr_0001 55685 19720 50901
G_0y_rnd0_03_0001_scr_0001 53445 60973 24271
G_0y_rnd0_04_0001_scr_0001 60165 32873 457
G_0y_rnd0_05_0001_scr_0001 2885 51731 5113
G_0y_rnd0_06_0001_scr_0001 63365 7198 23399
G_0y_rnd0_07_0001_scr_0001 59589 63774 7200
G_0y_rnd1_01_0001_scr_0001 15301 40197 57880
G_0y_rnd1_02_0001_scr_0001 389 26895 1070
G_0y_rnd1_03_0001_scr_0001 63685 13339 38013
G_0y_rnd1_04_0001_scr_0001 4869 43168 39395
G_0y_rnd1_05_0001_scr_0001 13125 7505 26551
G_0y_rnd1_06_0001_scr_0001 8069 17381 46810
G_0y_rnd1_07_0001_scr_0001 40197 33279 49851
G_0y_rnd2_01_0001_scr_0001 62213 26072 50125
G_0y_rnd2_02_0001_scr_0001 30917 10034 49681
G_0y_rnd2_03_0001_scr_0001 45061 24932 43636
G_0y_rnd2_04_0001_scr_0001 2629 15225 31919
G_0y_rnd2_05_0001_scr_0001 27269 9040 37759
G_0y_rnd2_06_0001_scr_0001 38597 13046 30746
G_0y_rnd2_07_0001_scr_0001 6917 20239 60554
G_10_02_scr_0001 64069 16894 53771
G_10_03_scr_0001 9093 35665 17964
G_10_04_scr_0001 32325 34173 12606
G_10_05_scr_0001 64517 57576 5341
G_10_06_scr_0001 32709 59981 63434
G_10_07_scr_0001 53125 34604 11452
G_11_02_scr_0001 30533 60958 54937
G_11_03_scr_0001 41093 27181 64376
G_11_04_scr_0001 64325 48940 52806
G_11_05_scr_0001 30981 22679 38546
G_11_06_scr_0001 64709 47442 60830
G_11_07_scr_0001 19589 43833 45557
G_1y_rnd0_01_0001_scr_0001 35781 37025 32330
G_1y_rnd0_02_0001_scr_0001 56389 22522 63091
G_1y_rnd0_03_0001_scr_0001 1413 40367 15817
G_1y_rnd0_04_0001_scr_0001 24645 62233 55578
G_1y_rnd0_05_0001_scr_0001 56837 9594 7693
G_1y_rnd0_06_0001_scr_0001 25029 15173 57988
G_1y_rnd0_07_0001_scr_0001 50565 56554 39119
G_20_02_scr_0001 62533 64913 14931
G_20_03_scr_0001 19717 35108 16854
G_20_04_scr_0001 48773 12760 42088
G_20_05_scr_0001 41349 61056 52995
G_20_06_scr_0001 26501 15564 60392
G_20_07_scr_0001 62341 27987 27741
G_21_02_scr_0001 2949 7715 25028
G_21_03_scr_0001 51461 30358 57407
G_21_04_scr_0001 14981 46355 8294
G_21_05_scr_0001 7557 27979 5822
G_21_06_scr_0001 58245 62134 56541
G_21_07_scr_0001 28549 37246 29398
G_2y_rnd0_02_0001_scr_0001 48389 32746 54522
G_2y_rnd0_03_0001_scr_0001 21957 41682 31328
G_2y_rnd0_04_0001_scr_0001 18245 28785 49612
G_2y_rnd0_05_0001_scr_0001 10821 20462 47307
G_2y_rnd0_06_0001_scr_0001 61509 18403 25161
G_2y_rnd0_07_0001_scr_0001 27973 46814 22361
Gb_02_scr_0001 61445 31642 13955
Gb_03_scr_0001 49285 58978 54191
Gb_04_scr_0001 12805 22728 49515
Gb_05_scr_0001 49029 61213 47571
Gb_06_scr_0001 14597 22378 53323
Gb_07_scr_0001 62085 50918 35620
G_b_rnd0_02_0001_scr_0001 56517 56432 35247
G_b_rnd0_03_0001_scr_0001 11589 44804 17163
G_b_rnd0_04_0001_scr_0001 7877 23244 34926
G_b_rnd0_05_0001_scr_0001 11333 28808 20323
G_b_rnd0_06_0001_scr_0001 9669 21743 34630
G_b_rnd0_07_0001_scr_0001 34117 21813 26109
Gh_02_scr_0001 64517 3901 12060
Gh_03_scr_0001 62085 42963 39158
Gh_04_scr_0001 54789 36307 64771
Gh_05_scr_0001 37765 40594 36325
Gh_06_scr_0001 1285 11330 10316
Gh_07_scr_0001 56965 35085 12440
Gh_08_scr_0001 34821 15805 17046
Gh_09_scr_0001 53637 30271 6534
G_h_rnd0_02_0001_scr_0001 24389 40518 20211
G_h_rnd0_03_0001_scr_0001 54725 8838 43416
G_h_rnd0_04_0001_scr_0001 14661 63878 64264
G_h_rnd0_05_0001_scr_0001 30405 18670 38630
G_h_rnd0_06_0001_scr_0001 26693 48027 56333
G_h_rnd0_07_0001_scr_0001 49605 23820 48185
G_h_rnd0_08_0001_scr_0001 60229 6321 23598
G_h_rnd0_09_0001_scr_0001 3781 62315 43930
Gr_02_scr_0001 34693 7885 32632
Gr_03_scr_0001 32261 36178 6032
Gr_04_scr_0001 24965 18719 54285
Gr_05_scr_0001 7941 57703 22127
Gr_06_scr_0001 36997 48151 30918
Gr_07_scr_0001 27141 33492 53660
Gr_08_scr_0001 4997 3413 3001
Gr_09_scr_0001 23813 25960 46570
Gr_10_scr_0001 59013 34667 22672
G_r_rnd0_02_0001_scr_0001 46277 16329 64141
G_r_rnd0_03_0001_scr_0001 11077 55213 44234
G_r_rnd0_04_0001_scr_0001 36549 11669 57991
G_r_rnd0_05_0001_scr_0001 52293 56434 30276
G_r_rnd0_06_0001_scr_0001 48581 27052 2916
G_r_rnd0_07_0001_scr_0001 5957 1499 48863
G_r_rnd0_08_0001_scr_0001 16581 1693 21253
G_r_rnd0_09_0001_scr_0001 2629 53650 50293
G_r_rnd0_10_0001_scr_0001 6213 8031 5707
